10000138 0 9742043 1
10000138 0 9786967 1
10000138 0 9787109 1
10000138 0 9812744 1
10000138 0 9819061 1
10000138 0 9853296 1
10002326 0 9419943 1
10002326 0 9602532 1
10008710 0 9190636 1
10008710 0 9490468 1
10020508 0 9537146 1
10020508 0 9627697 1
10024927 0 9406920 1
10024927 0 9847540 1
10033029 0 8993172 1
10033029 0 9209451 1
10033212 0 9601940 1
10033212 0 9748786 1
10044751 0 9406016 1
10044751 0 9495633 1
10049307 0 9607217 1
10049307 0 9715642 1
10050282 0 9614228 1
10050282 0 9748580 1
10050282 0 9837668 1
10050282 0 9947936 1
10062873 0 9653722 1
10062873 0 9692033 1
10062975 0 9088040 1
10062975 0 9337464 1
10069135 0 8936870 1
10069135 0 9005311 1
10083399 0 9514418 1
10083399 0 9934328 1
10084165 0 9508965 1
10084165 0 9680187 1
10084185 0 8980471 1
10084185 0 9917303 1
10084204 0 9123939 1
10084204 0 9160036 1
10084204 0 9437871 1
10084204 0 9647254 1
10084204 0 9742028 1
10093183 0 9627721 1
10093183 0 9647280 1
10093183 0 9669729 1
10116152 0 9350003 1
10116152 0 9985265 1
10118502 0 9566859 1
10118502 0 9660309 1
10122044 0 8993159 1
10122044 0 9437864 1
10122044 0 9484569 1
10128511 0 9356295 1
10128511 0 9478801 1
10128516 0 9070912 1
10128516 0 9570766 1
10128516 0 9638102 1
10128666 0 8795875 1
10128666 0 9293755 1
10128666 0 9450274 1
10128666 0 9647257 1
10128666 0 9698452 1
10135051 0 9117596 1
10135051 0 9786885 1
10141564 0 9034519 1
10141564 0 9093705 1
10141569 0 9034519 1
10141569 0 9093705 1
10141569 0 9379374 1
10153476 0 9118070 1
10153476 0 9653714 1
10153476 0 9738976 1
10153651 0 8993159 1
10153651 0 9437864 1
10153651 0 9484569 1
10158148 0 8795875 1
10158148 0 9793570 1
10160344 0 10003052 1
10160344 0 10003105 1
10160344 0 10008708 1
10160344 0 10020470 1
10160344 0 9160042 1
10160344 0 9758030 1
10164245 0 8999584 1
10164245 0 9034519 1
10164245 0 9093705 1
10164245 0 9123939 1
10164245 0 9160036 1
10164245 0 9379374 1
10164245 0 9564639 1
10170811 0 9590282 1
10170811 0 9899711 1
10181587 0 8993159 1
10181587 0 9437864 1
10181587 0 9484569 1
10199643 0 8999584 1
10199643 0 9093705 1
10199643 0 9123939 1
10199643 0 9160036 1
10199838 0 8846223 1
10199838 0 9543551 1
10199838 0 9673489 1
10199838 0 9806308 1
10211452 0 8999584 1
10211452 0 9093705 1
10223649 0 10068186 1
10223649 0 9665830 1
10229117 0 9122681 1
10229117 0 9235812 1
10230083 0 9246148 1
10230083 0 9590216 1
10230128 0 8993159 1
10230128 0 9437864 1
10230128 0 9484569 1
10242001 0 9122681 1
10242001 0 9235812 1
10242093 0 9633309 1
10242093 0 9910886 1
10243202 0 8936870 1
10243202 0 9005311 1
10243241 0 8999584 1
10243241 0 9093705 1
10243241 0 9123939 1
10243241 0 9160036 1
10243241 0 9324984 1
10243241 0 9331323 1
10253051 0 8691413 1
10253051 0 8753761 1
10268956 0 9633309 1
10268956 0 9910886 1
10270141 0 9590282 1
10270141 0 9899711 1
10283804 0 8921001 1
10283804 0 8962205 1
10283804 0 8968509 1
10283804 0 9318758 1
10290855 0 8916295 1
10290855 0 9325003 1
10290855 0 9603245 1
10290895 0 8865355 1
10290895 0 8940446 1
10290895 0 9093717 1
10296837 0 10048669 1
10296837 0 10068186 1
10308587 0 9543619 1
10308587 0 9748604 1
10312501 0 8999584 1
10312501 0 9093705 1
10312501 0 9123939 1
10312501 0 9160036 1
10312501 0 9437871 1
10312501 0 9520594 1
10312501 0 9647254 1
10312501 0 9742028 1
10312501 0 9786906 1
10316047 0 8691413 1
10316047 0 8753761 1
10320032 0 9318776 1
10320032 0 9608287 1
10320032 0 9966632 1
10320927 0 9317812 1
10320927 0 9984330 1
10322646 0 9490492 1
10322646 0 9543598 1
10322646 0 9905878 1
10325211 0 9460392 1
10325211 0 9514418 1
10326142 0 9437863 1
10326142 0 9786906 1
10326166 0 9034519 1
10326166 0 9093705 1
10326166 0 9379374 1
10330787 0 9239985 1
10330787 0 9665802 1
10333164 0 9331356 1
10333164 0 9391340 1
10333164 0 9647290 1
10340484 0 8785030 1
10340484 0 9325028 1
10340484 0 9768421 1
10343964 0 8691413 1
10343964 0 8753761 1
10345620 0 9601780 1
10345620 0 9746695 1
10361404 0 9601780 1
10361404 0 9746695 1
10367188 0 9225003 1
10367188 0 9666326 1
10367188 0 9774034 1
10367198 0 9325003 1
10367198 0 9603245 1
10367201 0 9123939 1
10367201 0 9160036 1
10367201 0 9437871 1
10367201 0 9647254 1
10387801 0 8880446 1
10387801 0 8965829 1
10387801 0 9639807 1
10396355 0 10008716 1
10396355 0 10090513 1
10396355 0 10103379 1
10396355 0 9548489 1
10399455 0 9160042 1
10399455 0 9966640 1
10403889 0 9472804 1
10403889 0 9531006 1
10403931 0 8865355 1
10403931 0 8940446 1
10403931 0 9093717 1
10410113 0 9471882 1
10410113 0 9990587 1
10411260 0 8883351 1
10411260 0 9437897 1
10411310 0 8993159 1
10411310 0 9437864 1
10411310 0 9484569 1
10424784 0 9034519 1
10424784 0 9093705 1
10424784 0 9379374 1
10445317 0 9460392 1
10445317 0 9514418 1
10445317 0 9798977 1
10445379 0 8914321 1
10445379 0 9235808 1
10445645 0 9460392 1
10445645 0 9514418 1
10446271 0 9460392 1
10446271 0 9514418 1
10446271 0 9798977 1
10446873 0 9647265 1
10446873 0 9780360 1
10446873 0 9917326 1
10467541 0 9471883 1
10467541 0 9633309 1
10467541 0 9910886 1
10476101 0 8916295 1
10476101 0 9325003 1
10476101 0 9603245 1
10476101 0 9680150 1
10476101 0 9954252 1
10490796 0 8936870 1
10490796 0 9005311 1
10490796 0 9728768 1
10490796 0 9735411 1
10497932 0 9166255 1
10497932 0 9331359 1
10497932 0 9337508 1
10497935 0 10122044 1
10497935 0 10153651 1
10497935 0 10181587 1
10497935 0 10230128 1
10497935 0 8993159 1
10497935 0 9437864 1
10497935 0 9484569 1
10497958 0 8691413 1
10497958 0 8753761 1
10516189 0 9527401 1
10516189 0 9718375 1
10516189 0 9981567 1
10521475 0 10062031 1
10521475 0 10083399 1
10521475 0 10325205 1
10521475 0 9514418 1
10521475 0 9934328 1
10522824 0 10008716 1
10522824 0 10090513 1
10522824 0 10103379 1
10522824 0 9548489 1
10528870 0 10262261 1
10528870 0 10325205 1
10528870 0 9646250 1
10535870 0 8916295 1
10535870 0 9325003 1
10535870 0 9603245 1
10535870 0 9680150 1
10535870 0 9954252 1
10552727 0 9378079 1
10552727 0 9852019 1
10556494 0 10202049 1
10556494 0 9281533 1
10565305 0 10282663 1
10565305 0 9858524 1
10565306 0 10282663 1
10565306 0 9858524 1
10565504 0 10262261 1
10565504 0 10325205 1
10565504 0 9646250 1
10566608 0 9325003 1
10566608 0 9603245 1
10573863 0 9627721 1
10573863 0 9899647 1
10586169 0 10063570 1
10586169 0 10380500 1
10586966 0 10177362 1
10586966 0 10186699 1
10586966 0 9917287 1
10593952 0 10122044 1
10593952 0 10153651 1
10593952 0 10181587 1
10593952 0 10230128 1
10593952 0 10411310 1
10593952 0 8993159 1
10593952 0 9437864 1
10593952 0 9484569 1
10608293 0 8652670 1
10608293 0 9083063 1
10608293 0 9823310 1
10608293 0 9882250 1
10608293 0 9893390 1
10608454 0 10193110 1
10608454 0 9373864 1
10615413 0 10164256 1
10615413 0 10297823 1
10628735 0 10410119 1
10628735 0 10445641 1
10629862 0 9355789 1
10629862 0 9368829 1
10637017 0 8920949 1
10637017 0 9136510 1
10637038 0 10122044 1
10637038 0 10153651 1
10637038 0 10181587 1
10637038 0 10230128 1
10637038 0 8993159 1
10637038 0 9437864 1
10637038 0 9484569 1
10643125 0 10078800 1
10643125 0 8977583 1
10643125 0 8996430 1
10644342 0 8691413 1
10644342 0 8753761 1
10644363 0 10000138 1
10644363 0 10118502 1
10644363 0 10205203 1
10644363 0 9147917 1
10671675 0 9122681 1
10671675 0 9235812 1
10673070 0 9219273 1
10673070 0 9543055 1
10686167 0 10217971 1
10686167 0 8785030 1
10693122 0 10374217 1
10693122 0 9088037 1
10699196 0 10062031 1
10699196 0 9646250 1
10706357 0 10062031 1
10706357 0 10262261 1
10706357 0 10325205 1
10706358 0 10062031 1
10706358 0 9646250 1
10706360 0 9460392 1
10706360 0 9514418 1
10706360 0 9798977 1
10719766 0 10062031 1
10719766 0 9646250 1
10726355 0 10380480 1
10726355 0 10586157 1
10727454 0 9281507 1
10727454 0 9355789 1
10727454 0 9614263 1
10727454 0 9735434 1
10733677 0 10354182 1
10733677 0 9471883 1
10733677 0 9633309 1
10733677 0 9910886 1
10734682 0 9093712 1
10734682 0 9754726 1
10734683 0 8834180 1
10734683 0 9114382 1
10734683 0 9160036 1
10749186 0 10243218 1
10749186 0 9203095 1
10749186 0 9246176 1
10749186 0 9385377 1
10749186 0 9882222 1
10763497 0 10128501 1
10763497 0 10236506 1
10769535 0 10062031 1
10769535 0 10262261 1
10769535 0 10325205 1
10769535 0 9646250 1
10769537 0 10445317 1
10769537 0 9754215 1
10769549 0 9053436 1
10769549 0 9390370 1
10770765 0 9499068 1
10770765 0 9660231 1
10789540 0 9129224 1
10789540 0 9183508 1
10793162 0 9141909 1
10793162 0 9727820 1
10795878 0 10628413 1
10795878 0 9063975 1
10796227 0 10062031 1
10796227 0 9646250 1
10797303 0 10008716 1
10797303 0 10090513 1
10797303 0 10103379 1
10797303 0 10388948 1
10797303 0 10396355 1
10797303 0 9461304 1
10797303 0 9548489 1
10797314 0 9231253 1
10797314 0 9972838 1
10797314 0 9972863 1
10818965 0 8940446 1
10818965 0 9093717 1
10818965 0 9099729 1
10818979 0 8652670 1
10818979 0 9083063 1
10818979 0 9823310 1
10818979 0 9882250 1
10818979 0 9893390 1
10846591 0 10380064 1
10846591 0 10409767 1
10846591 0 10671564 1
10847833 0 8936870 1
10847833 0 9005311 1
10847833 0 9490478 1
10847833 0 9559348 1
10847833 0 9577243 1
10847833 0 9711784 1
10847833 0 9728768 1
10847833 0 9735411 1
10847833 0 9742028 1
10860932 0 10062031 1
10860932 0 10262261 1
10860932 0 10325205 1
10860932 0 9646250 1
10860933 0 10062031 1
10860933 0 10262261 1
10860933 0 10325205 1
10860933 0 9646250 1
10860934 0 10062031 1
10860934 0 10262261 1
10860934 0 10325205 1
10860936 0 10062031 1
10860936 0 10262261 1
10860936 0 10325205 1
10860936 0 10521475 1
10860936 0 9646250 1
10862105 0 10490796 1
10862105 0 8936870 1
10862105 0 9005311 1
10862105 0 9728768 1
10862105 0 9735411 1
10868305 0 9543571 1
10868305 0 9722241 1
10868332 0 10026995 1
10868332 0 10056616 1
10868332 0 10158121 1
10868332 0 10177381 1
10868332 0 10236536 1
10868332 0 10308587 1
10868332 0 10312551 1
10868332 0 10347904 1
10868332 0 10347938 1
10868332 0 10361456 1
10868332 0 9012093 1
10868332 0 9034517 1
10868332 0 9059481 1
10868332 0 9130240 1
10868332 0 9145341 1
10868332 0 9172111 1
10868332 0 9177721 1
10868332 0 9196926 1
10868332 0 9203109 1
10868332 0 9231273 1
10868332 0 9343787 1
10868332 0 9362564 1
10868332 0 9391341 1
10868332 0 9397366 1
10868332 0 9431672 1
10868332 0 9543616 1
10868332 0 9601803 1
10868332 0 9601805 1
10868332 0 9627713 1
10868332 0 9666916 1
10868332 0 9768469 1
10868332 0 9812736 1
10868332 0 9843074 1
10868332 0 9843081 1
10868332 0 9856341 1
10868332 0 9917339 1
10868332 0 9941559 1
10873079 0 8932764 1
10873079 0 9012086 1
10879515 0 9705161 1
10879515 0 9780351 1
10892478 0 9722243 1
10892478 0 9761873 1
10892492 0 8883358 1
10892492 0 9005816 1
10892492 0 9093717 1
10892507 0 10361442 1
10892507 0 9478819 1
10930915 0 8993172 1
10930915 0 9209451 1
10930915 0 9209497 1
10930937 0 8691413 1
10930937 0 8753761 1
10944118 0 9461318 1
10944118 0 9660280 1
10944118 0 9768456 1
10949765 0 10409914 1
10949765 0 10565520 1
10949765 0 10705795 1
9130228 0 8835061 1
9130228 0 8940447 1
9130228 0 8993180 1
9171248 0 8909577 1
9171248 0 8954363 1
9269952 0 8877372 1
9269952 0 8883349 1
9406015 0 8996430 1
9406015 0 9020867 1
9406015 0 9053429 1
9406015 0 9159020 1
9406015 0 9189729 1
9406015 0 9218564 1
9406015 0 9239984 1
9406015 0 9262712 1
9412063 0 8996430 1
9412063 0 9020867 1
9412063 0 9053429 1
9412063 0 9159020 1
9412063 0 9189729 1
9412063 0 9218564 1
9412063 0 9239984 1
9412063 0 9262712 1
9419297 0 9240601 1
9419297 0 9246181 1
9489619 0 9043254 1
9489619 0 9141915 1
9531004 0 8999584 1
9531004 0 9034519 1
9531004 0 9093705 1
9531004 0 9123939 1
9531004 0 9160036 1
9533631 0 9287595 1
9533631 0 9413045 1
9552550 0 9398035 1
9552550 0 9411916 1
9564639 0 8999584 1
9564639 0 9034519 1
9564639 0 9093705 1
9564639 0 9123939 1
9564639 0 9160036 1
9564639 0 9379374 1
9566876 0 9160042 1
9566876 0 9166234 1
9566876 0 9166235 1
9595711 0 9325028 1
9595711 0 9444085 1
9608245 0 8728648 1
9608245 0 8808893 1
9646262 0 8880446 1
9646262 0 9218574 1
9666893 0 8691413 1
9666893 0 8753761 1
9711770 0 8993172 1
9711770 0 9209451 1
9716274 0 9455445 1
9716274 0 9537146 1
9728768 0 8936870 1
9728768 0 9005311 1
9728770 0 8883351 1
9728770 0 9225003 1
9735411 0 8936870 1
9735411 0 9005311 1
9798977 0 9460392 1
9798977 0 9514418 1
9799886 0 9184440 1
9799886 0 9184444 1
9837659 0 8999584 1
9837659 0 9093705 1
9837659 0 9123939 1
9837659 0 9160036 1
9840127 0 9608280 1
9840127 0 9620827 1
9852370 0 8977583 1
9852370 0 8996430 1
9852370 0 9020867 1
9852370 0 9165242 1
9853318 0 9123966 1
9853318 0 9287589 1
9870449 0 9159032 1
9870449 0 9489624 1
9899647 0 9481556 1
9899647 0 9608245 1
9899661 0 8993172 1
9899661 0 9209451 1
9911518 0 9214676 1
9911518 0 9224515 1
9916532 0 9460392 1
9916532 0 9514418 1
9916532 0 9798977 1
9917335 0 8920949 1
9917335 0 9136510 1
9923189 0 9034519 1
9923189 0 9379374 1
9938308 0 8691413 1
9938308 0 8753761 1
9941536 0 9406950 1
9941536 0 9564649 1
9941536 0 9673466 1
9941536 0 9698441 1
9941536 0 9711807 1
9950704 0 9527401 1
9950704 0 9649950 1
9950704 0 9718375 1
9966630 0 8865355 1
9966630 0 8940446 1
9966630 0 9093717 1
9966632 0 9318776 1
9966632 0 9384906 1
9971965 0 8977583 1
9971965 0 8996430 1
9971965 0 9020867 1
9971965 0 9165242 1
9971965 0 9412063 1
9971965 0 9563841 1
9971965 0 9747545 1
9971965 0 9852006 1
9971965 0 9852370 1
9972856 0 9673466 1
9972856 0 9831506 1
9979724 0 9224096 1
9979724 0 9292832 1
9991570 0 9160042 1
9991570 0 9564664 1
9991570 0 9742043 1
9993874 0 8852825 1
9993874 0 8962219 1
9997815 0 9225018 1
9997815 0 9240613 1
